%%MatrixMarket matrix coordinate real general
41 41 174
1 1 0.003270456946810412
3 1 -0.0026830150125188154
13 1 -0.0004224374194128123
16 1 -0.00016500451487877883
1 3 -0.00016778268758346082
3 3 0.0436153679872228
4 3 -0.042764626724397924
15 3 -0.00019738414221003842
17 3 -0.0002560906911935094
20 3 -0.00022948374183786699
3 4 -0.00020159726582914993
4 4 0.0012718884030681148
7 4 -0.00012703215979541557
11 4 -0.00011049470615054562
19 4 -0.00022475622916628445
21 4 -0.00015159277810426996
5 5 0.0005025254443370272
6 5 -6.419668888758774e-05
8 5 -0.00032855812959811095
5 6 -6.419668888758774e-05
6 6 0.000327329371880443
7 6 -4.7436632069783304e-05
8 6 -8.952830336771956e-05
4 7 -0.00012703215979541557
6 7 -4.7436632069783304e-05
7 7 0.0004548905942432272
8 7 -0.0002804218023780284
5 8 -0.00032855812959811095
6 8 -8.952830336771956e-05
7 8 -0.0002804218023780284
8 8 0.000818667447451385
9 9 0.0006098456369174137
10 9 -6.757881271679479e-05
12 9 -0.000335658360999577
9 10 -6.757881271679479e-05
10 10 0.0002830258630836675
11 10 -1.9019320298368708e-05
12 10 -1.1900489780614237e-05
4 11 -0.00011049470615054562
10 11 -1.9019320298368708e-05
11 11 0.0006318051834230453
12 11 -0.000502291156974131
9 12 -0.000335658360999577
10 12 -1.1900489780614237e-05
11 12 -0.000502291156974131
12 12 0.0073930562658499595
1 13 -0.0004224374194128123
13 13 0.0008257504003502918
14 13 -3.997820272569882e-05
16 13 -0.0003633347782117806
13 14 -3.997820272569882e-05
14 14 0.0002597743246337591
15 14 -6.39156639491458e-05
16 14 -4.959118057941375e-05
3 15 -0.00019738414221003842
14 15 -6.39156639491458e-05
15 15 0.0004885303185938884
16 15 -0.0002272305124347042
1 16 -0.00016500451487877883
13 16 -0.0003633347782117806
14 16 -4.959118057941375e-05
15 16 -0.0002272305124347042
16 16 0.0008051609861046774
3 17 -0.0002560906911935094
17 17 0.00100033828540179
18 17 -1.3923609041443135e-05
20 17 -0.0007303239851668376
17 18 -1.3923609041443135e-05
18 18 0.0019867933117164093
19 18 -2.584267383435645e-05
20 18 -9.792710340267205e-06
4 19 -0.00022475622916628445
18 19 -2.584267383435645e-05
19 19 0.0009157033063354089
20 19 -0.000665104403334768
3 20 -0.00022948374183786699
17 20 -0.0007303239851668376
18 20 -9.792710340267205e-06
19 20 -0.000665104403334768
20 20 0.0016347048406797399
4 21 -0.00015159277810426996
21 21 0.00032489144999918896
22 21 -0.0001633072446813368
21 22 -0.0001633072446813368
22 22 0.09487575119318274
23 22 0.004247371118247037
24 22 0.014532820447238453
25 22 0.03319603088333761
27 22 -0.00016882392906172666
28 22 -0.0002923450262224829
31 22 -0.00014714066062734951
35 22 -0.0006063314278083808
39 22 -0.00010468927395260755
22 23 -0.0933063370934747
23 23 0.09418209333272287
26 23 -0.00022303952820686672
29 23 -0.00033871992705347676
36 23 -0.00015738535170227013
24 24 0.0003778817023512023
25 24 -0.00012104087483012061
32 24 -0.0002568408275210817
24 25 -0.014653861322068574
25 25 0.015506374259279525
30 25 -0.00012796716034089786
33 25 -0.000300802461244681
40 25 -0.0002489282775577647
23 26 -0.00022303952820686672
26 26 0.0006224711700090606
27 26 -7.286147106146462e-05
29 26 -0.0003265701707407293
22 27 -0.00016882392906172666
26 27 -7.286147106146462e-05
27 27 0.0003024678762067057
28 27 -4.775769055513422e-05
29 27 -1.3024785528380172e-05
22 28 -0.0002923450262224829
27 28 -4.775769055513422e-05
28 28 0.0007733947046338093
29 28 -0.0004332919878561922
23 29 -0.00033871992705347676
26 29 -0.0003265701707407293
27 29 -1.3024785528380172e-05
28 29 -0.0004332919878561922
29 29 0.0011116068711787784
25 30 -0.00012796716034089786
30 30 0.000318127207579022
31 30 -3.796096585804422e-05
33 30 -0.0001521990813800799
22 31 -0.00014714066062734951
30 31 -3.796096585804422e-05
31 31 0.00024033404609524186
32 31 -1.6098932815906296e-05
33 31 -3.9133486793941846e-05
24 32 -0.0002568408275210817
31 32 -1.6098932815906296e-05
32 32 0.0005419951898220862
33 32 -0.0002690554294850981
25 33 -0.000300802461244681
30 33 -0.0001521990813800799
31 33 -3.9133486793941846e-05
32 33 -0.0002690554294850981
33 33 0.0007611904589038008
34 34 0.0006361998427495832
35 34 -9.03256947613078e-05
37 34 -0.0004283287898606729
22 35 -0.0006063314278083808
34 35 -9.03256947613078e-05
35 35 0.0007695288727975586
36 35 -2.232428999498436e-05
37 35 -5.054746023288562e-05
23 36 -0.00015738535170227013
35 36 -2.232428999498436e-05
36 36 0.0005986658609980594
37 36 -0.00041895621930080484
34 37 -0.0004283287898606729
35 37 -5.054746023288562e-05
36 37 -0.00041895621930080484
37 37 0.0010130268635744665
38 38 0.0007220777844207471
39 38 -4.9350644780378924e-05
41 38 -0.0003328032314666778
22 39 -0.00010468927395260755
38 39 -4.9350644780378924e-05
39 39 0.00023244056795299149
40 39 -4.5289004586130525e-06
41 39 -7.387174876139194e-05
25 40 -0.0002489282775577647
39 40 -4.5289004586130525e-06
40 40 0.0007377236715908817
41 40 -0.00048426649357450393
38 41 -0.0003328032314666778
39 41 -7.387174876139194e-05
40 41 -0.00048426649357450393
41 41 0.0010983461201626566
